[3560]
[0]

[3560, 7120]
[0, 0]

[3560, 7120, 14048]
[0, 0, 0]

[3560, 7120, 14048, 20984]
[0, 0, 0, 0]

[3560, 7120, 14048, 20984, 28752]
[0, 0, 0, 0, 0]

[3560, 7120, 14048, 20984, 28752, 36528]
[0, 0, 0, 0, 0, 0]

[3560, 7120, 14048, 20984, 28752, 36528, 43288]
[0, 0, 0, 0, 0, 0, 0]

[3560, 7120, 14048, 20984, 28752, 36528, 43288, 51264]
[0, 0, 0, 0, 0, 0, 0, 0]

[3560, 7120, 14048, 20984, 28752, 36528, 43288, 51264, 59232]
[0, 0, 0, 0, 0, 0, 0, 0, 0]

[3560, 7120, 14048, 20984, 28752, 36528, 43288, 51264, 59232, 67216]
[0, 0, 0, 0, 0, 0, 0, 0, 0, 0]

[3560, 7120, 14048, 20984, 28752, 36528, 43288, 51264, 59232, 67216, 75200]
[0, 0, 0, 0, 0, 0, 0, 0, 0, 0, 0]

[3560, 7120, 14048, 20984, 28752, 36528, 43288, 51264, 59232, 67216, 75200, 83168]
[0, 0, 0, 0, 0, 0, 0, 0, 0, 0, 0, 0]

[3560, 7120, 14048, 20984, 28752, 36528, 43288, 51264, 59232, 67216, 75200, 83168, 91152]
[0, 0, 0, 0, 0, 0, 0, 0, 0, 0, 0, 0, 0]

